1.- Darle al play para iniciar

2.- Avanzar 40 cm, 
3.- cancion,
4.- Dar vuelta y media sobre si mismo. (Bucle)

5.- Play -> parar.

------------------------------------------------------------------------------
128 132


0) 152 [X]

1) 158 17

2) 137 1 44 128 0 156 1 144
3) 140 0 9 60 10 64 20 60 10 65 20 60 10 64 10 62 10 60 10 65 20 
3.1) 141 0
4) 137 1 44 0 1 157 0 540

158 239 


152 55 158 17 137 1 44 128 0 156 1 144 139 2 0 0 140 0 9 60 10 64 20 60 10 65 20 60 10 64 10 62 10 60 10 65 20 141 0 137 1 44 0 1 157 0 180 137 0 0 0 0 139 0 0 0 153 153
